Run semi-empirical minimization
 &qmmm
    qm_theory='AM1', grms_tol=0.0005,
 scfconv=1.d-10, ndiis_attempts=700,   qmcharge=0,
 /
   6     C       -6.2360       11.6570       25.9150 
   6    C1       -5.9440       11.6890       24.4050 
   6    C2       -5.5540       10.4640       23.7160 
   6    C3       -4.2620       10.3290       23.2090 
   6    C4       -6.4750        9.4270       23.5640 
   6    C5       -3.8900        9.1570       22.5500 
   6    C6       -6.1030        8.2550       22.9050 
   6    C7       -4.8100        8.1200       22.3980 
   6    C8       -5.0470        6.7280       20.4850 
   6    C9       -7.3170       12.6530       26.3420 
   6   C10       -8.6010       11.9560       26.7130 
   6   C11       -8.9700       10.8020       26.0370 
   6   C12       -9.3920       12.4790       27.7250 
   6   C13      -10.1600       10.1580       26.3800 
   6   C14      -10.5810       11.8350       28.0690 
   6   C15      -10.9650       10.6740       27.3960 
   8     O       -6.0410       12.7630       23.7820 
   8    O1       -3.3470       11.3300       23.3460 
   8    O2       -7.7430        9.5370       24.0520 
   8    O3       -4.4470        6.9770       21.7550 
   8    O4      -12.1240       10.0440       27.7310 
   1   H01       -5.3160       11.9380       26.4280 
   1   H02       -6.5640       10.6530       26.1840 
   1   H03       -5.9060       11.4850       23.3350 
   1   H04       -4.4950       10.6710       23.8730 
   1   H05       -5.0070       10.9120       23.7500 
   1   H06       -6.2570       10.4390       23.9040 
   1   H07       -3.1360        8.7280       23.2100 
   1   H08       -3.5720        9.4460       21.5480 
   1   H09       -6.7230        8.2640       22.0090 
   1   H10       -6.2530        7.4360       23.6090 
   1   H11       -4.4110        7.2320       22.8870 
   1   H12       -5.9420        7.3410       20.3800 
   1   H13       -4.3410        6.9790       19.6930 
   1   H14       -5.3180        5.6750       20.4110 
   1   H15       -7.5210       13.3150       25.5000 
   1   H16       -6.9590       13.2170       27.2030 
   1   H17       -9.5550       11.4800       26.9380 
   1   H18       -8.1990       10.0830       26.3160 
   1   H19       -9.0410       11.0610       24.9810 
   1   H20       -9.7260       13.4350       27.3210 
   1   H21       -8.7770       12.5120       28.6240 
   1   H22       -9.8200        9.2060       26.7890 
   1   H23      -10.7720       10.1260       25.4790 
   1   H24      -11.3480       12.5550       27.7840 
   1   H25      -10.5060       11.5770       29.1250 
   1   H26      -11.4940       11.6240       27.3240 
   1   H27       -6.3550       12.5900       22.8910 
   1     H       -3.7380       12.0900       23.8060 
   1    H3       -8.2350        8.7220       23.8550 
   1    H4      -12.2310        9.2600       27.1650 

